   16
  -39
   11
   85
  121
   -2
   29
  100
   22
   11
   72
  -19
   -7
   56
  -40
  107
 -113
    1
  -62
   58
  -85
   33
  -85
 -106
   19
   66
   39
  102
   -1
  -35
   87
   83
   93
 -104
  -83
 -124
   24
   91
   90
 -118
  -70
  -30
   47
   55
   30
  -27
   45
   21
  -63
   35
    5
  -77
   65
  102
   16
  -31
 -120
  -82
 -123
   61
    6
  -94
  -19
   78
   35
   51
  -67
  106
  -58
  -21
  113
  -44
   17
  -18
   14
 -126
  -51
  -25
  -60
  -41
  -68
  125
   84
  -18
  -61
  -59
  -50
   69
  -44
  -21
  -54
  -26
  -69
   67
  -95
  -54
    2
    8
   92
  -30
  -64
 -128
  -69
  -41
  -65
  -23
   61
   32
    9
  -87
   39
   15
   61
    7
   38
   70
 -110
   31
 -108
  -21
   -3
    8
   24
  -78
 -121
   36
   22
    2
   67
  -48
   16
  108
   25
   23
   57
   89
   41
   20
   -2
  -89
  -57
   46
 -111
   96
  -31
  106
  107
 -115
   82
    7
